5.367346938775510168e-01 -6.556242380713188656e-01
5.120370705106598308e-01 -6.434343434343434698e-01
5.061224489795919101e-01 -6.409503266921844356e-01
4.812273313066584013e-01 -6.171717171717171491e-01
4.755102040816326370e-01 -6.122096312061515722e-01
4.589702242689659428e-01 -5.909090909090908283e-01
4.448979591836734748e-01 -5.735874210126035155e-01
4.391887621572433953e-01 -5.646464646464646187e-01
4.215152408542370832e-01 -5.383838383838384090e-01
4.142857142857142572e-01 -5.276982831615415481e-01
4.051430011041277646e-01 -5.121212121212120882e-01
3.899916905117081223e-01 -4.858585858585857675e-01
3.836734693877550950e-01 -4.746071436683771960e-01
3.758986806158671201e-01 -4.595959595959595578e-01
3.628484493569642533e-01 -4.333333333333334036e-01
3.530612244897959329e-01 -4.119664790189332404e-01
3.508957939624998690e-01 -4.070707070707070274e-01
3.396161227607553124e-01 -3.808080808080807067e-01
3.294863821795175340e-01 -3.545454545454544970e-01
3.224489795918367152e-01 -3.343413925206342174e-01
3.203121842921123896e-01 -3.282828282828282873e-01
3.116181494914337935e-01 -3.020202020202019666e-01
3.039608591708095053e-01 -2.757575757575756459e-01
2.972889455447698115e-01 -2.494949494949494362e-01
2.918367346938775531e-01 -2.246385553014603742e-01
2.915075229065235418e-01 -2.232323232323232265e-01
2.859857307798893133e-01 -1.969696969696970168e-01
2.813413018755706596e-01 -1.707070707070705851e-01
2.775300623865749605e-01 -1.444444444444443754e-01
2.745134747913063888e-01 -1.181818181818181657e-01
2.722605253460923525e-01 -9.191919191919173393e-02
2.707493422362399205e-01 -6.565656565656552424e-02
2.699686804435343923e-01 -3.939393939393931454e-02
2.699193807249685717e-01 -1.313131313131310485e-02
2.706159013998013507e-01 1.313131313131310485e-02
2.720880331049640999e-01 3.939393939393953659e-02
2.743829387521447005e-01 6.565656565656574628e-02
2.775677151617504390e-01 9.191919191919195598e-02
2.817327534522345855e-01 1.181818181818183877e-01
2.869962915384920432e-01 1.444444444444445974e-01
2.918367346938775531e-01 1.642054386048475423e-01
2.933030678607396746e-01 1.707070707070708349e-01
3.003046484453292253e-01 1.969696969696970168e-01
3.088560173059473057e-01 2.232323232323232265e-01
3.192702015751008315e-01 2.494949494949496582e-01
3.224489795918367152e-01 2.565051630219328249e-01
3.309940276742031062e-01 2.757575757575758679e-01
3.450541409326380871e-01 3.020202020202020776e-01
3.530612244897959329e-01 3.147735237876189140e-01
3.617605949756789174e-01 3.282828282828285094e-01
3.821325642111996768e-01 3.545454545454547191e-01
3.836734693877550950e-01 3.563025053212665050e-01
4.071188487580111870e-01 3.808080808080809287e-01
4.142857142857142572e-01 3.872151003329724617e-01
4.399222180461930254e-01 4.070707070707071384e-01
4.448979591836734748e-01 4.104495614251474356e-01
4.755102040816326370e-01 4.279296575014734372e-01
4.876818502914805342e-01 4.333333333333333481e-01
5.061224489795919101e-01 4.407820035089291544e-01
5.367346938775510168e-01 4.498135731079314636e-01
5.673469387755101234e-01 4.555086041937198571e-01
5.979591836734695631e-01 4.583901661041506204e-01
6.285714285714286698e-01 4.588239702887736415e-01
6.591836734693877764e-01 4.570483356041097900e-01
6.897959183673469941e-01 4.531926730728911834e-01
7.204081632653061007e-01 4.472887229323398994e-01
7.510204081632652073e-01 4.392777004472634417e-01
7.684161397087002632e-01 4.333333333333333481e-01
7.816326530612245360e-01 4.293380005907603825e-01
8.122448979591836427e-01 4.175389337053901917e-01
8.343413300949846789e-01 4.070707070707070829e-01
8.428571428571427493e-01 4.034138018668698145e-01
8.734693877551020780e-01 3.872129844673980470e-01
8.835220827302745494e-01 3.808080808080809287e-01
9.040816326530611846e-01 3.685437039852805796e-01
9.236404518395971985e-01 3.545454545454547191e-01
9.346938775510202912e-01 3.469759119942683601e-01
9.576655258900219625e-01 3.282828282828285094e-01
9.653061224489796199e-01 3.221769292894161585e-01
9.868916205013920084e-01 3.020202020202020776e-01
9.959183673469387266e-01 2.934922042669338982e-01
1.012350437138339831e+00 2.757575757575758679e-01
1.026530612244898055e+00 2.597666017017278839e-01
1.034717565957656404e+00 2.494949494949496582e-01
1.054276760624033082e+00 2.232323232323232265e-01
1.057142857142857162e+00 2.190635062872668404e-01
1.071283150492130076e+00 1.969696969696970168e-01
1.086004681021039309e+00 1.707070707070708071e-01
1.087755102040816269e+00 1.671620022547575801e-01
1.098636115567198424e+00 1.444444444444445974e-01
1.109178172724701428e+00 1.181818181818183877e-01
1.117633073037773261e+00 9.191919191919195598e-02
1.118367346938775597e+00 8.900341016485305290e-02
1.124368809297575211e+00 6.565656565656574628e-02
1.129203508153601154e+00 3.939393939393953659e-02
1.132155211620151203e+00 1.313131313131310485e-02
1.133267193482526913e+00 -1.313131313131310485e-02
1.132565744823422094e+00 -3.939393939393931454e-02
1.130058234563969588e+00 -6.565656565656552424e-02
1.125740051774487549e+00 -9.191919191919173393e-02
1.119608873668887394e+00 -1.181818181818181657e-01
1.118367346938775597e+00 -1.224046767100447630e-01
1.111839858287611005e+00 -1.444444444444443754e-01
1.102245606185523030e+00 -1.707070707070705851e-01
1.090844226630715230e+00 -1.969696969696970168e-01
1.087755102040816269e+00 -2.033796040751513212e-01
1.077650493826925571e+00 -2.232323232323232265e-01
1.062701200926793543e+00 -2.494949494949494362e-01
1.057142857142857162e+00 -2.586631049382742686e-01
1.045829770464698161e+00 -2.757575757575756459e-01
1.027349100549807215e+00 -3.020202020202019666e-01
1.026530612244898055e+00 -3.031713861891879302e-01
1.006549308274208077e+00 -3.282828282828282873e-01
9.959183673469387266e-01 -3.415002586312301247e-01
9.839410216698611933e-01 -3.545454545454544970e-01
9.653061224489796199e-01 -3.752161283195474262e-01
9.594557223244393196e-01 -3.808080808080806512e-01
9.346938775510202912e-01 -4.055738695696541329e-01
9.329351602324209569e-01 -4.070707070707070829e-01
9.041679751337124982e-01 -4.333333333333333481e-01
9.040816326530611846e-01 -4.334185921669638786e-01
8.734693877551020780e-01 -4.592904844297994171e-01
8.730389716872737349e-01 -4.595959595959595578e-01
8.428571428571427493e-01 -4.835983960739035359e-01
8.394658559448955337e-01 -4.858585858585857675e-01
8.122448979591836427e-01 -5.066078502186943666e-01
8.036094854752079408e-01 -5.121212121212120882e-01
7.816326530612245360e-01 -5.285126575407623761e-01
7.658217502350730399e-01 -5.383838383838384090e-01
7.510204081632652073e-01 -5.494370831941082223e-01
7.266260792531065160e-01 -5.646464646464646187e-01
7.204081632653061007e-01 -5.694180019625855182e-01
6.897959183673471051e-01 -5.887186951194522955e-01
6.853635839620908499e-01 -5.909090909090908283e-01
6.591836734693877764e-01 -6.077633321198089300e-01
6.404350258088397085e-01 -6.171717171717171491e-01
6.285714285714285587e-01 -6.254215518104262461e-01
5.979591836734694521e-01 -6.408056042082327375e-01
5.885983870578466171e-01 -6.434343434343434698e-01
5.673469387755101234e-01 -6.531181011780686774e-01
5.367346938775510168e-01 -6.556242380713188656e-01
