4.448979591836734748e-01 -1.208691181841019535e-01
4.353772113873161098e-01 -1.181818181818181657e-01
4.142857142857142572e-01 -1.095374431659481423e-01
3.836734693877550395e-01 -9.573335668586081815e-02
3.739414550505268942e-01 -9.191919191919173393e-02
3.530612244897959329e-01 -7.834499849303908081e-02
3.295183352574524993e-01 -6.565656565656552424e-02
3.224489795918367152e-01 -5.829882601169122242e-02
2.945682463841670651e-01 -3.939393939393931454e-02
2.918367346938775531e-01 -3.449964143718366877e-02
2.642353757707995299e-01 -1.313131313131310485e-02
2.642353757707995299e-01 1.313131313131310485e-02
2.918367346938775531e-01 3.449964143718441123e-02
2.945682463841666765e-01 3.939393939393953659e-02
3.224489795918367152e-01 5.829882601169125711e-02
3.295183352574527214e-01 6.565656565656574628e-02
3.530612244897959329e-01 7.834499849303930286e-02
3.739414550505264501e-01 9.191919191919195598e-02
3.836734693877550950e-01 9.573335668586060998e-02
4.142857142857142572e-01 1.095374431659472403e-01
4.353772113873244920e-01 1.181818181818183877e-01
4.448979591836734748e-01 1.208691181840997608e-01
4.755102040816325815e-01 1.289934221196823716e-01
5.061224489795919101e-01 1.340865570564195031e-01
5.367346938775510168e-01 1.357210659582615553e-01
5.673469387755101234e-01 1.334683567079590905e-01
5.979591836734694521e-01 1.263167826969390228e-01
6.153662416957133008e-01 1.181818181818183877e-01
6.285714285714285587e-01 1.129776312946174921e-01
6.568423123123530161e-01 9.191919191919194210e-02
6.591836734693877764e-01 9.004443608956652634e-02
6.791508988882088982e-01 6.565656565656574628e-02
6.897959183673469941e-01 4.436047599274141329e-02
6.920224049626216845e-01 3.939393939393953659e-02
6.984137083006111135e-01 1.313131313131310485e-02
6.984137083006111135e-01 -1.313131313131310485e-02
6.920224049626220175e-01 -3.939393939393931454e-02
6.897959183673469941e-01 -4.436047599274169084e-02
6.791508988882087872e-01 -6.565656565656552424e-02
6.591836734693877764e-01 -9.004443608956638756e-02
6.568423123123532381e-01 -9.191919191919172005e-02
6.285714285714285587e-01 -1.129776312946179639e-01
6.153662416957155212e-01 -1.181818181818181657e-01
5.979591836734694521e-01 -1.263167826969400775e-01
5.673469387755101234e-01 -1.334683567079602007e-01
5.367346938775510168e-01 -1.357210659582611112e-01
5.061224489795919101e-01 -1.340865570564213627e-01
4.755102040816325815e-01 -1.289934221196787634e-01
4.448979591836734748e-01 -1.208691181841019535e-01
