5.367346938775510168e-01 -4.859222536652422764e-01
5.364526089604780834e-01 -4.858585858585857675e-01
5.061224489795919101e-01 -4.784035330047320955e-01
4.755102040816326370e-01 -4.676819932222360254e-01
4.576120326244008663e-01 -4.595959595959595578e-01
4.448979591836734748e-01 -4.531515446820423287e-01
4.142857142857142572e-01 -4.338132311758742810e-01
4.136178156979654630e-01 -4.333333333333333481e-01
3.836734693877550950e-01 -4.083442074840459846e-01
3.823185232835813463e-01 -4.070707070707070274e-01
3.580248560851379547e-01 -3.808080808080806512e-01
3.530612244897959329e-01 -3.744182954919179629e-01
3.383326705597670681e-01 -3.545454545454544970e-01
3.225417055317534309e-01 -3.282828282828282873e-01
3.224489795918367152e-01 -3.281079443540662055e-01
3.085662202751083827e-01 -3.020202020202019666e-01
2.972218810571947145e-01 -2.757575757575756459e-01
2.918367346938775531e-01 -2.609859743608364258e-01
2.874556483633655679e-01 -2.494949494949494362e-01
2.788437272881750806e-01 -2.232323232323232265e-01
2.717639473236157510e-01 -1.969696969696970168e-01
2.659764654433278142e-01 -1.707070707070705851e-01
2.612975557391968850e-01 -1.444444444444443754e-01
2.612244897959183909e-01 -1.439463613146381438e-01
2.570027178108303945e-01 -1.181818181818181657e-01
2.536810718215510296e-01 -9.191919191919173393e-02
2.512591482421697164e-01 -6.565656565656552424e-02
2.496766272302412271e-01 -3.939393939393931454e-02
2.488948207341345475e-01 -1.313131313131310485e-02
2.488948207341345475e-01 1.313131313131310485e-02
2.496766272302411716e-01 3.939393939393953659e-02
2.512591482421694389e-01 6.565656565656574628e-02
2.536810718215512517e-01 9.191919191919195598e-02
2.570027178108303945e-01 1.181818181818183877e-01
2.612244897959183909e-01 1.439463613146388932e-01
2.612975557391968295e-01 1.444444444444445974e-01
2.659764654433278142e-01 1.707070707070708071e-01
2.717639473236157510e-01 1.969696969696970168e-01
2.788437272881750806e-01 2.232323232323232265e-01
2.874556483633661230e-01 2.494949494949496582e-01
2.918367346938775531e-01 2.609859743608340943e-01
2.972218810571958247e-01 2.757575757575758679e-01
3.085662202751088268e-01 3.020202020202020776e-01
3.224489795918367152e-01 3.281079443540685925e-01
3.225417055317522652e-01 3.282828282828285094e-01
3.383326705597675677e-01 3.545454545454547191e-01
3.530612244897959329e-01 3.744182954919177964e-01
3.580248560851383433e-01 3.808080808080808732e-01
3.823185232835813463e-01 4.070707070707071384e-01
3.836734693877550950e-01 4.083442074840460956e-01
4.136178156979654630e-01 4.333333333333333481e-01
4.142857142857142572e-01 4.338132311758742810e-01
4.448979591836734748e-01 4.531515446820439941e-01
4.576120326243981462e-01 4.595959595959597799e-01
4.755102040816326925e-01 4.676819932222368026e-01
5.061224489795919101e-01 4.784035330047324841e-01
5.364526089604780834e-01 4.858585858585859896e-01
5.367346938775510168e-01 4.859222536652424984e-01
5.673469387755101234e-01 4.910420021107078092e-01
5.979591836734694521e-01 4.938939661593771957e-01
6.285714285714285587e-01 4.947884580423222989e-01
6.591836734693877764e-01 4.939471454747736967e-01
6.897959183673469941e-01 4.915229962170458711e-01
7.204081632653061007e-01 4.876152437292776698e-01
7.300702593516080752e-01 4.858585858585859896e-01
7.510204081632652073e-01 4.824565623586044016e-01
7.816326530612245360e-01 4.760372148176186258e-01
8.122448979591836427e-01 4.682522179912886884e-01
8.410373670903079635e-01 4.595959595959597799e-01
8.428571428571427493e-01 4.590916402871594859e-01
8.734693877551020780e-01 4.489019075558122740e-01
9.040816326530611846e-01 4.371852339409232346e-01
9.128982474771027977e-01 4.333333333333333481e-01
9.346938775510202912e-01 4.241936510281854034e-01
9.653061224489796199e-01 4.095920408928252487e-01
9.700540535002685205e-01 4.070707070707071384e-01
9.959183673469387266e-01 3.934685769373068576e-01
1.017472282520504256e+00 3.808080808080809287e-01
1.026530612244898055e+00 3.754322553832031284e-01
1.057142857142857162e+00 3.553119977681200581e-01
1.058226264358654412e+00 3.545454545454547191e-01
1.087755102040816269e+00 3.327308698316467361e-01
1.093359917496859124e+00 3.282828282828285094e-01
1.118367346938775597e+00 3.071101976570829173e-01
1.124046894817065212e+00 3.020202020202020776e-01
1.148979591836734704e+00 2.776555453107835136e-01
1.150844209983532540e+00 2.757575757575758679e-01
1.174284545611818942e+00 2.494949494949496582e-01
1.179591836734693810e+00 2.427713876014098993e-01
1.194719505802384951e+00 2.232323232323232265e-01
1.210204081632653139e+00 1.999702309396410305e-01
1.212195155570691574e+00 1.969696969696970168e-01
1.227347158095007273e+00 1.707070707070708071e-01
1.239788789686182113e+00 1.444444444444445974e-01
1.240816326530612468e+00 1.418091700337655858e-01
1.250274339230552201e+00 1.181818181818183877e-01
1.258463936299031527e+00 9.191919191919195598e-02
1.264457882829982838e+00 6.565656565656574628e-02
1.268381227424538960e+00 3.939393939393953659e-02
1.270320704760036667e+00 1.313131313131310311e-02
1.270320704760036667e+00 -1.313131313131310311e-02
1.268381227424539182e+00 -3.939393939393930760e-02
1.264457882829982616e+00 -6.565656565656552424e-02
1.258463936299031083e+00 -9.191919191919173393e-02
1.250274339230551979e+00 -1.181818181818181657e-01
1.240816326530612246e+00 -1.418091700337635874e-01
1.239788789686181447e+00 -1.444444444444443754e-01
1.227347158095007273e+00 -1.707070707070705851e-01
1.212195155570691574e+00 -1.969696969696970168e-01
1.210204081632653139e+00 -1.999702309396410305e-01
1.194719505802384951e+00 -2.232323232323232265e-01
1.179591836734693810e+00 -2.427713876014097327e-01
1.174284545611818720e+00 -2.494949494949494639e-01
1.150844209983532540e+00 -2.757575757575756459e-01
1.148979591836734704e+00 -2.776555453107833471e-01
1.124046894817065212e+00 -3.020202020202019666e-01
1.118367346938775597e+00 -3.071101976570828063e-01
1.093359917496859124e+00 -3.282828282828282873e-01
1.087755102040816269e+00 -3.327308698316465696e-01
1.058226264358655300e+00 -3.545454545454544970e-01
1.057142857142857162e+00 -3.553119977681203912e-01
1.026530612244898055e+00 -3.754322553832028508e-01
1.017472282520503812e+00 -3.808080808080807067e-01
9.959183673469387266e-01 -3.934685769373068576e-01
9.700540535002692977e-01 -4.070707070707070274e-01
9.653061224489796199e-01 -4.095920408928255818e-01
9.346938775510202912e-01 -4.241936510281855144e-01
9.128982474771027977e-01 -4.333333333333333481e-01
9.040816326530611846e-01 -4.371852339409232346e-01
8.734693877551020780e-01 -4.489019075558123850e-01
8.428571428571427493e-01 -4.590916402871595969e-01
8.410373670903091847e-01 -4.595959595959595578e-01
8.122448979591836427e-01 -4.682522179912886884e-01
7.816326530612245360e-01 -4.760372148176190699e-01
7.510204081632652073e-01 -4.824565623586049568e-01
7.300702593516104066e-01 -4.858585858585857675e-01
7.204081632653061007e-01 -4.876152437292776698e-01
6.897959183673469941e-01 -4.915229962170461486e-01
6.591836734693877764e-01 -4.939471454747741963e-01
6.285714285714285587e-01 -4.947884580423224099e-01
5.979591836734694521e-01 -4.938939661593768071e-01
5.673469387755101234e-01 -4.910420021107075872e-01
5.367346938775510168e-01 -4.859222536652422764e-01
